# Made in Blockbench 4.4.3
mtllib materials.mtl

o Head
v 0.022876197954692964 1.9603407591307687 0.4031911023944418
v 0.30687341290520426 2.0299273096108013 -0.0023989540574428647
v 0.06278940359699231 1.4652067247599836 0.3461891373137038
v 0.3467866185475036 1.5347932752400164 -0.059400919138180824
v -0.10270260923929163 2.0299273096108013 -0.28918717223296586
v -0.38669982418980287 1.9603407591307687 0.11640288421891873
v -0.0627894035969923 1.5347932752400164 -0.3461891373137038
v -0.3467866185475036 1.4652067247599836 0.059400919138180824
vt 0.125 0.875
vt 0.25 0.875
vt 0.25 0.75
vt 0.125 0.75
vt 0 0.875
vt 0.125 0.875
vt 0.125 0.75
vt 0 0.75
vt 0.375 0.875
vt 0.5 0.875
vt 0.5 0.75
vt 0.375 0.75
vt 0.25 0.875
vt 0.375 0.875
vt 0.375 0.75
vt 0.25 0.75
vt 0.25 0.875
vt 0.125 0.875
vt 0.125 1
vt 0.25 1
vt 0.375 1
vt 0.25 1
vt 0.25 0.875
vt 0.375 0.875
vn 0.5679944299010226 0.13917310096006544 -0.8111801129037692
vn 0.8191520442889918 0 0.573576436351046
vn -0.5679944299010226 -0.13917310096006544 0.8111801129037692
vn -0.8191520442889918 0 -0.573576436351046
vn -0.07982641128459868 0.9902680687415703 0.11400393016147588
vn 0.07982641128459868 -0.9902680687415703 -0.11400393016147588
usemtl m_4e975677-51ad-b7f4-7c75-93241549f9d9
f 4/4/1 7/3/1 5/2/1 2/1/1
f 3/8/2 4/7/2 2/6/2 1/5/2
f 8/12/3 3/11/3 1/10/3 6/9/3
f 7/16/4 8/15/4 6/14/4 5/13/4
f 6/20/5 1/19/5 2/18/5 5/17/5
f 7/24/6 4/23/6 3/22/6 8/21/6
o Hat Layer
v 0.028230298051673278 1.9869374768739407 0.45002736737620086
v 0.3477271648709985 2.0652223461639774 -0.00626144613216939
v 0.07313265439926005 1.4299116882068075 0.3859001566603707
v 0.3926295212185853 1.5081965574968443 -0.07038865684799955
v -0.11304586004155938 2.0652223461639774 -0.32889819157963274
v -0.4325427268608846 1.9869374768739407 0.12739062192873749
v -0.06814350369397261 1.5081965574968443 -0.3930254022954629
v -0.3876403705132978 1.4299116882068075 0.0632634112129073
vt 0.625 0.875
vt 0.75 0.875
vt 0.75 0.75
vt 0.625 0.75
vt 0.5 0.875
vt 0.625 0.875
vt 0.625 0.75
vt 0.5 0.75
vt 0.875 0.875
vt 1 0.875
vt 1 0.75
vt 0.875 0.75
vt 0.75 0.875
vt 0.875 0.875
vt 0.875 0.75
vt 0.75 0.75
vt 0.75 0.875
vt 0.625 0.875
vt 0.625 1
vt 0.75 1
vt 0.875 1
vt 0.75 1
vt 0.75 0.875
vt 0.875 0.875
vn 0.5679944299010226 0.13917310096006544 -0.8111801129037692
vn 0.8191520442889918 0 0.573576436351046
vn -0.5679944299010226 -0.13917310096006544 0.8111801129037692
vn -0.8191520442889918 0 -0.573576436351046
vn -0.07982641128459868 0.9902680687415703 0.11400393016147588
vn 0.07982641128459868 -0.9902680687415703 -0.11400393016147588
usemtl m_4e975677-51ad-b7f4-7c75-93241549f9d9
f 12/28/7 15/27/7 13/26/7 10/25/7
f 11/32/8 12/31/8 10/30/8 9/29/8
f 16/36/9 11/35/9 9/34/9 14/33/9
f 15/40/10 16/39/10 14/38/10 13/37/10
f 14/44/11 9/43/11 10/42/11 13/41/11
f 15/48/12 12/47/12 11/46/12 16/45/12
o Body
v 0.25 1.5043624370878126 0.12492385337738697
v 0.25 1.4956375629121874 -0.12492385337738697
v 0.25 0.7548193168234908 0.15109847590426267
v 0.25 0.7460944426478656 -0.09874923085051125
v -0.25 1.4956375629121874 -0.12492385337738697
v -0.25 1.5043624370878126 0.12492385337738697
v -0.25 0.7460944426478656 -0.09874923085051125
v -0.25 0.7548193168234908 0.15109847590426267
vt 0.3125 0.6875
vt 0.4375 0.6875
vt 0.4375 0.5
vt 0.3125 0.5
vt 0.25 0.6875
vt 0.3125 0.6875
vt 0.3125 0.5
vt 0.25 0.5
vt 0.5 0.6875
vt 0.625 0.6875
vt 0.625 0.5
vt 0.5 0.5
vt 0.4375 0.6875
vt 0.5 0.6875
vt 0.5 0.5
vt 0.4375 0.5
vt 0.4375 0.6875
vt 0.3125 0.6875
vt 0.3125 0.75
vt 0.4375 0.75
vt 0.5625 0.75
vt 0.4375 0.75
vt 0.4375 0.6875
vt 0.5625 0.6875
vn 0 -0.03489949670250097 -0.9993908270190958
vn 1 0 0
vn 0 0.03489949670250097 0.9993908270190958
vn -1 0 0
vn 0 0.9993908270190958 -0.03489949670250097
vn 0 -0.9993908270190958 0.03489949670250097
usemtl m_4e975677-51ad-b7f4-7c75-93241549f9d9
f 20/52/13 23/51/13 21/50/13 18/49/13
f 19/56/14 20/55/14 18/54/14 17/53/14
f 24/60/15 19/59/15 17/58/15 22/57/15
f 23/64/16 24/63/16 22/62/16 21/61/16
f 22/68/17 17/67/17 18/66/17 21/65/17
f 23/72/18 20/71/18 19/70/18 24/69/18
o Body Layer
v 0.265625 1.5205232233959627 0.13999403041358377
v 0.265625 1.5107077399483841 -0.14108463968553692
v 0.265625 0.7397491397872941 0.16725926221241266
v 0.265625 0.7299336563397157 -0.11381940788670804
v -0.265625 1.5107077399483841 -0.14108463968553692
v -0.265625 1.5205232233959627 0.13999403041358377
v -0.265625 0.7299336563397157 -0.11381940788670804
v -0.265625 0.7397491397872941 0.16725926221241266
vt 0.3125 0.4375
vt 0.4375 0.4375
vt 0.4375 0.25
vt 0.3125 0.25
vt 0.25 0.4375
vt 0.3125 0.4375
vt 0.3125 0.25
vt 0.25 0.25
vt 0.5 0.4375
vt 0.625 0.4375
vt 0.625 0.25
vt 0.5 0.25
vt 0.4375 0.4375
vt 0.5 0.4375
vt 0.5 0.25
vt 0.4375 0.25
vt 0.4375 0.4375
vt 0.3125 0.4375
vt 0.3125 0.5
vt 0.4375 0.5
vt 0.5625 0.5
vt 0.4375 0.5
vt 0.4375 0.4375
vt 0.5625 0.4375
vn 0 -0.03489949670250097 -0.9993908270190958
vn 1 0 0
vn 0 0.03489949670250097 0.9993908270190958
vn -1 0 0
vn 0 0.9993908270190958 -0.03489949670250097
vn 0 -0.9993908270190958 0.03489949670250097
usemtl m_4e975677-51ad-b7f4-7c75-93241549f9d9
f 28/76/19 31/75/19 29/74/19 26/73/19
f 27/80/20 28/79/20 26/78/20 25/77/20
f 32/84/21 27/83/21 25/82/21 30/81/21
f 31/88/22 32/87/22 30/86/22 29/85/22
f 30/92/23 25/91/23 26/90/23 29/89/23
f 31/96/24 28/95/24 27/94/24 32/93/24
o Right Arm
v 0.5011082530239781 1.247976767259352 -0.01162673084241539
v 0.5014565417498622 1.4978556788626065 -0.0038544576269108344
v 0.483880111369218 1.2713114469163331 -0.7610656435367253
v 0.4842284000951021 1.5211903585195874 -0.753293370321221
v 0.2515227506527011 1.498025171262732 0.0018963110284020424
v 0.25117446192681686 1.2481462596594777 -0.0058759621871025125
v 0.23429460899794108 1.5213598509197128 -0.7475426016659079
v 0.23394632027205686 1.2714809393164586 -0.7553148748814122
vt 0.6875 0.6875
vt 0.75 0.6875
vt 0.75 0.5
vt 0.6875 0.5
vt 0.625 0.6875
vt 0.6875 0.6875
vt 0.6875 0.5
vt 0.625 0.5
vt 0.8125 0.6875
vt 0.875 0.6875
vt 0.875 0.5
vt 0.8125 0.5
vt 0.75 0.6875
vt 0.8125 0.6875
vt 0.8125 0.5
vt 0.75 0.5
vt 0.75 0.6875
vt 0.6875 0.6875
vt 0.6875 0.75
vt 0.75 0.75
vt 0.8125 0.75
vt 0.75 0.75
vt 0.75 0.6875
vt 0.8125 0.6875
vn 0.0013931549035367016 0.9995156464130173 0.031089092862017657
vn 0.9997351643886445 -0.0006779696005019476 -0.023003074621252093
vn -0.0013931549035367016 -0.9995156464130173 -0.031089092862017657
vn -0.9997351643886445 0.0006779696005019476 0.023003074621252093
vn 0.022970855539680025 -0.031112906209308188 0.9992518835924133
vn -0.022970855539680025 0.031112906209308188 -0.9992518835924133
usemtl m_4e975677-51ad-b7f4-7c75-93241549f9d9
f 36/100/25 39/99/25 37/98/25 34/97/25
f 35/104/26 36/103/26 34/102/26 33/101/26
f 40/108/27 35/107/27 33/106/27 38/105/27
f 39/112/28 40/111/28 38/110/28 37/109/28
f 38/116/29 33/115/29 34/114/29 37/113/29
f 39/120/30 36/119/30 35/118/30 40/117/30
o Right Arm Layer
v 0.5170662665399903 1.2318626028496205 0.003141389721789789
v 0.51745809135661 1.5129763784032815 0.011885197089232413
v 0.49912028564961525 1.2561695608256422 -0.7775241443347829
v 0.49951211046623495 1.5372833363793035 -0.7687803369673405
v 0.23628257637230377 1.5131670573534226 0.018354811826459594
v 0.23589075155568406 1.2320532817997616 0.00961100445901697
v 0.21833659548192874 1.5374740153294446 -0.7623107222301133
v 0.21794477066530904 1.2563602397757836 -0.7710545295975557
vt 0.6875 0.4375
vt 0.75 0.4375
vt 0.75 0.25
vt 0.6875 0.25
vt 0.625 0.4375
vt 0.6875 0.4375
vt 0.6875 0.25
vt 0.625 0.25
vt 0.8125 0.4375
vt 0.875 0.4375
vt 0.875 0.25
vt 0.8125 0.25
vt 0.75 0.4375
vt 0.8125 0.4375
vt 0.8125 0.25
vt 0.75 0.25
vt 0.75 0.4375
vt 0.6875 0.4375
vt 0.6875 0.5
vt 0.75 0.5
vt 0.8125 0.5
vt 0.75 0.5
vt 0.75 0.4375
vt 0.8125 0.4375
vn 0.0013931549035367016 0.9995156464130173 0.031089092862017657
vn 0.9997351643886445 -0.0006779696005019476 -0.023003074621252093
vn -0.0013931549035367016 -0.9995156464130173 -0.031089092862017657
vn -0.9997351643886445 0.0006779696005019476 0.023003074621252093
vn 0.022970855539680025 -0.031112906209308188 0.9992518835924133
vn -0.022970855539680025 0.031112906209308188 -0.9992518835924133
usemtl m_4e975677-51ad-b7f4-7c75-93241549f9d9
f 44/124/31 47/123/31 45/122/31 42/121/31
f 43/128/32 44/127/32 42/126/32 41/125/32
f 48/132/33 43/131/33 41/130/33 46/129/33
f 47/136/34 48/135/34 46/134/34 45/133/34
f 46/140/35 41/139/35 42/138/35 45/137/35
f 47/144/36 44/143/36 43/142/36 48/141/36
o Left Arm
v -0.35682222712426737 1.2289504504059219 0.10890968389501354
v -0.35607469746594034 1.4751346662231923 0.15241569591456672
v 0.17252282630526428 1.319853083474042 -0.4145695666116028
v 0.1732703559635913 1.5660372992913125 -0.37106355459204965
v -0.5331775505718799 1.5063626775862176 -0.021248896700182596
v -0.5339250802302069 1.2601784617689469 -0.06475490871973577
v -0.0038324971423480125 1.5972653106543375 -0.544728147206799
v -0.004580026800675041 1.3510810948370673 -0.5882341592263521
vt 0.5625 0.1875
vt 0.625 0.1875
vt 0.625 0
vt 0.5625 0
vt 0.5 0.1875
vt 0.5625 0.1875
vt 0.5625 0
vt 0.5 0
vt 0.6875 0.1875
vt 0.75 0.1875
vt 0.75 0
vt 0.6875 0
vt 0.625 0.1875
vt 0.6875 0.1875
vt 0.6875 0
vt 0.625 0
vt 0.625 0.1875
vt 0.5625 0.1875
vt 0.5625 0.25
vt 0.625 0.25
vt 0.6875 0.25
vt 0.625 0.25
vt 0.625 0.1875
vt 0.6875 0.1875
vn 0.0029901186333085453 0.984736863269082 0.1740240480782131
vn 0.7084114124237575 -0.12491204545210033 0.6946583704589973
vn -0.0029901186333085453 -0.984736863269082 -0.1740240480782131
vn -0.7084114124237575 0.12491204545210033 -0.6946583704589973
vn -0.705793404572709 -0.12120351075749353 0.6979723340088219
vn 0.705793404572709 0.12120351075749353 -0.6979723340088219
usemtl m_4e975677-51ad-b7f4-7c75-93241549f9d9
f 52/148/37 55/147/37 53/146/37 50/145/37
f 51/152/38 52/151/38 50/150/38 49/149/38
f 56/156/39 51/155/39 49/154/39 54/153/39
f 55/160/40 56/159/40 54/158/40 53/157/40
f 54/164/41 49/163/41 50/162/41 53/161/41
f 55/168/42 52/167/42 51/166/42 56/165/42
o Left Arm Layer
v -0.35682804135524004 1.2097183813515677 0.12795041290110087
v -0.3559870704896222 1.4866756241459969 0.1768946764230983
v 0.19457305596718866 1.3044086241308595 -0.417340473043291
v 0.19541402683280673 1.5813658669252888 -0.3683962095212936
v -0.5552277802338041 1.5218071369294002 -0.018477990268494615
v -0.556068751099422 1.2448498941349708 -0.06742225379049205
v -0.003826682911375112 1.616497379708692 -0.5637688762128865
v -0.004667653776993186 1.3395401369142628 -0.612713139734884
vt 0.8125 0.1875
vt 0.875 0.1875
vt 0.875 0
vt 0.8125 0
vt 0.75 0.1875
vt 0.8125 0.1875
vt 0.8125 0
vt 0.75 0
vt 0.9375 0.1875
vt 1 0.1875
vt 1 0
vt 0.9375 0
vt 0.875 0.1875
vt 0.9375 0.1875
vt 0.9375 0
vt 0.875 0
vt 0.875 0.1875
vt 0.8125 0.1875
vt 0.8125 0.25
vt 0.875 0.25
vt 0.9375 0.25
vt 0.875 0.25
vt 0.875 0.1875
vt 0.9375 0.1875
vn 0.0029901186333085453 0.984736863269082 0.1740240480782131
vn 0.7084114124237575 -0.12491204545210033 0.6946583704589973
vn -0.0029901186333085453 -0.984736863269082 -0.1740240480782131
vn -0.7084114124237575 0.12491204545210033 -0.6946583704589973
vn -0.705793404572709 -0.12120351075749353 0.6979723340088219
vn 0.705793404572709 0.12120351075749353 -0.6979723340088219
usemtl m_4e975677-51ad-b7f4-7c75-93241549f9d9
f 60/172/43 63/171/43 61/170/43 58/169/43
f 59/176/44 60/175/44 58/174/44 57/173/44
f 64/180/45 59/179/45 57/178/45 62/177/45
f 63/184/46 64/183/46 62/182/46 61/181/46
f 62/188/47 57/187/47 58/186/47 61/185/47
f 63/192/48 60/191/48 59/190/48 64/189/48
o Right Leg
v 0.24375 0.807047576579333 -0.00011897230226776134
v 0.24375 0.817952423420667 -0.2498810276977322
v 0.24375 0.05776141039293968 -0.03283351282626977
v 0.24375 0.06866625723427368 -0.2825955682217342
v -0.0062500000000000056 0.817952423420667 -0.2498810276977322
v -0.0062500000000000056 0.807047576579333 -0.00011897230226776134
v -0.0062500000000000056 0.06866625723427368 -0.2825955682217342
v -0.0062500000000000056 0.05776141039293968 -0.03283351282626977
vt 0.0625 0.6875
vt 0.125 0.6875
vt 0.125 0.5
vt 0.0625 0.5
vt 0 0.6875
vt 0.0625 0.6875
vt 0.0625 0.5
vt 0 0.5
vt 0.1875 0.6875
vt 0.25 0.6875
vt 0.25 0.5
vt 0.1875 0.5
vt 0.125 0.6875
vt 0.1875 0.6875
vt 0.1875 0.5
vt 0.125 0.5
vt 0.125 0.6875
vt 0.0625 0.6875
vt 0.0625 0.75
vt 0.125 0.75
vt 0.1875 0.75
vt 0.125 0.75
vt 0.125 0.6875
vt 0.1875 0.6875
vn 0 0.043619387365336 -0.9990482215818578
vn 1 0 0
vn 0 -0.043619387365336 0.9990482215818578
vn -1 0 0
vn 0 0.9990482215818578 0.043619387365336
vn 0 -0.9990482215818578 -0.043619387365336
usemtl m_4e975677-51ad-b7f4-7c75-93241549f9d9
f 68/196/49 71/195/49 69/194/49 66/193/49
f 67/200/50 68/199/50 66/198/50 65/197/50
f 72/204/51 67/203/51 65/202/51 70/201/51
f 71/208/52 72/207/52 70/206/52 69/205/52
f 70/212/53 65/211/53 66/210/53 69/209/53
f 71/216/54 68/215/54 67/214/54 72/213/54
o Right Leg Layer
v 0.259375 0.8219761521139661 0.016172709087532128
v 0.259375 0.834244104810467 -0.26480960323236535
v 0.259375 0.04146972900313978 -0.017904937291636613
v 0.259375 0.05373768169964052 -0.2988872496115341
v -0.021875000000000006 0.834244104810467 -0.26480960323236535
v -0.021875000000000006 0.8219761521139661 0.016172709087532128
v -0.021875000000000006 0.05373768169964052 -0.2988872496115341
v -0.021875000000000006 0.04146972900313978 -0.017904937291636613
vt 0.0625 0.4375
vt 0.125 0.4375
vt 0.125 0.25
vt 0.0625 0.25
vt 0 0.4375
vt 0.0625 0.4375
vt 0.0625 0.25
vt 0 0.25
vt 0.1875 0.4375
vt 0.25 0.4375
vt 0.25 0.25
vt 0.1875 0.25
vt 0.125 0.4375
vt 0.1875 0.4375
vt 0.1875 0.25
vt 0.125 0.25
vt 0.125 0.4375
vt 0.0625 0.4375
vt 0.0625 0.5
vt 0.125 0.5
vt 0.1875 0.5
vt 0.125 0.5
vt 0.125 0.4375
vt 0.1875 0.4375
vn 0 0.043619387365336 -0.9990482215818578
vn 1 0 0
vn 0 -0.043619387365336 0.9990482215818578
vn -1 0 0
vn 0 0.9990482215818578 0.043619387365336
vn 0 -0.9990482215818578 -0.043619387365336
usemtl m_4e975677-51ad-b7f4-7c75-93241549f9d9
f 76/220/55 79/219/55 77/218/55 74/217/55
f 75/224/56 76/223/56 74/222/56 73/221/56
f 80/228/57 75/227/57 73/226/57 78/225/57
f 79/232/58 80/231/58 78/230/58 77/229/58
f 78/236/59 73/235/59 74/234/59 77/233/59
f 79/240/60 76/239/60 75/238/60 80/237/60
o Left Leg
v 0.0062500000000000056 0.8086839453482364 0.11036844910736587
v 0.0062500000000000056 0.6913160546517636 -0.11036844910736587
v 0.0062500000000000056 0.1464732507040411 0.46247212119678394
v 0.0062500000000000056 0.029105360007568415 0.2417352229820522
v -0.24375 0.6913160546517636 -0.11036844910736587
v -0.24375 0.8086839453482364 0.11036844910736587
v -0.24375 0.029105360007568415 0.2417352229820522
v -0.24375 0.1464732507040411 0.46247212119678394
vt 0.3125 0.1875
vt 0.375 0.1875
vt 0.375 0
vt 0.3125 0
vt 0.25 0.1875
vt 0.3125 0.1875
vt 0.3125 0
vt 0.25 0
vt 0.4375 0.1875
vt 0.5 0.1875
vt 0.5 0
vt 0.4375 0
vt 0.375 0.1875
vt 0.4375 0.1875
vt 0.4375 0
vt 0.375 0
vt 0.375 0.1875
vt 0.3125 0.1875
vt 0.3125 0.25
vt 0.375 0.25
vt 0.4375 0.25
vt 0.375 0.25
vt 0.375 0.1875
vt 0.4375 0.1875
vn 0 -0.46947156278589075 -0.882947592858927
vn 1 0 0
vn 0 0.46947156278589075 0.882947592858927
vn -1 0 0
vn 0 0.882947592858927 -0.46947156278589075
vn 0 -0.882947592858927 0.46947156278589075
usemtl m_4e975677-51ad-b7f4-7c75-93241549f9d9
f 84/244/61 87/243/61 85/242/61 82/241/61
f 83/248/62 84/247/62 82/246/62 81/245/62
f 88/252/63 83/251/63 81/250/63 86/249/63
f 87/256/64 88/255/64 86/254/64 85/253/64
f 86/260/65 81/259/65 82/258/65 85/257/65
f 87/264/66 84/263/66 83/262/66 88/261/66
o Left Leg Layer
v 0.021875000000000006 0.8298154946551866 0.11682901207725704
v 0.021875000000000006 0.6977766176216549 -0.13149999841431614
v 0.021875000000000006 0.14001268773414993 0.4836036705037342
v 0.021875000000000006 0.00797381070061813 0.235274660012161
v -0.259375 0.6977766176216549 -0.13149999841431614
v -0.259375 0.8298154946551866 0.11682901207725704
v -0.259375 0.00797381070061813 0.235274660012161
v -0.259375 0.14001268773414993 0.4836036705037342
vt 0.0625 0.1875
vt 0.125 0.1875
vt 0.125 0
vt 0.0625 0
vt 0 0.1875
vt 0.0625 0.1875
vt 0.0625 0
vt 0 0
vt 0.1875 0.1875
vt 0.25 0.1875
vt 0.25 0
vt 0.1875 0
vt 0.125 0.1875
vt 0.1875 0.1875
vt 0.1875 0
vt 0.125 0
vt 0.125 0.1875
vt 0.0625 0.1875
vt 0.0625 0.25
vt 0.125 0.25
vt 0.1875 0.25
vt 0.125 0.25
vt 0.125 0.1875
vt 0.1875 0.1875
vn 0 -0.46947156278589075 -0.882947592858927
vn 1 0 0
vn 0 0.46947156278589075 0.882947592858927
vn -1 0 0
vn 0 0.882947592858927 -0.46947156278589075
vn 0 -0.882947592858927 0.46947156278589075
usemtl m_4e975677-51ad-b7f4-7c75-93241549f9d9
f 92/268/67 95/267/67 93/266/67 90/265/67
f 91/272/68 92/271/68 90/270/68 89/269/68
f 96/276/69 91/275/69 89/274/69 94/273/69
f 95/280/70 96/279/70 94/278/70 93/277/70
f 94/284/71 89/283/71 90/282/71 93/281/71
f 95/288/72 92/287/72 91/286/72 96/285/72